n,	e
0,	0.0
1,	0.0
2,	1.0
3,	1.6666666666666667
4,	2.333333333333333
5,	2.8
6,	3.2666666666666666
7,	3.6698412698412697
8,	4.017460317460317
9,	4.340388007054673
10,	4.641093474426807
11,	4.916613756613756
12,	5.170052910052911
13,	5.40653371320038
14,	5.629373800802374
15,	5.83998769092949
16,	6.039095184259207
17,	6.227526214411057
18,	6.406360642501876
19,	6.576709985618545
20,	6.739522886243745
21,	6.895529581279523
22,	7.0452807985744235
23,	7.189216892024049
24,	7.3277255343981595
25,	7.461173213275036
26,	7.589913602018512
27,	7.714282846590599
28,	7.834591413016643
29,	7.951118409025321
30,	8.06411035137312
31,	8.173783756581912
32,	8.28032989004961
33,	8.383920036780138
34,	8.484710169873225
35,	8.582844479168502
36,	8.678457682097676
37,	8.771676316963894
38,	8.862619335016724
39,	8.951398309107615
40,	9.03811751330401
41,	9.122874040380045
42,	9.205758040211581
43,	9.286853096688272
44,	9.366236718691084
45,	9.443980900265851
46,	9.52015270127392
47,	9.594814806517176
48,	9.668026033224663
49,	9.739841769796355
50,	9.810314340255873
51,	9.879493297679769
52,	9.947425655608761
53,	10.014156069364095
54,	10.079726979858593
55,	10.144178731572191
56,	10.207549674488378
57,	10.269876257488473
58,	10.33119311836995
59,	10.391533173557448
60,	10.450927708858373
61,	10.5094064713377
62,	10.56699776153979
63,	10.623728524818041
64,	10.67962444037314
65,	10.734710006666512
66,	10.78900862209069
67,	10.842542660074022
68,	10.895333538121474
69,	10.947401780603997
70,	10.998767075381878
71,	11.049448324566224
72,	11.09946368988238
73,	11.148830633200797
74,	11.197565952850308
75,	11.245685816334387
76,	11.293205790043025
77,	11.340140866499974
78,	11.386505489617482
79,	11.432313578355094
80,	11.477578549102121
81,	11.522313337030283
82,	11.566530416596546
83,	11.610241821318276
84,	11.653459162895984
85,	11.696193649720762
86,	11.738456104776676
87,	11.780256982928965
88,	11.821606387578054
89,	11.862514086654524
90,	11.902989527930279
91,	11.943041853625063
92,	11.98267991429377
93,	12.021912281988008
94,	12.060747262693669
95,	12.099192908054976
96,	12.137257026402917
97,	12.174947193113463
98,	12.212270760326186
99,	12.249234866058595
100,	12.285846442754751
101,	12.322112225308278
102,	12.358038758600898
103,	12.393632404597044
104,	12.428899349034179
105,	12.463845607746126
106,	12.498477032654865
107,	12.532799317462764
108,	12.56681800307482
109,	12.600538482776761
110,	12.633966007192159
111,	12.66710568903842
112,	12.699962507698672
113,	12.732541313623955
114,	12.764846832577721
115,	12.796883669732475
116,	12.828656313626565
117,	12.860169139987578
118,	12.891426415427565
119,	12.922432301014144
120,	12.953190855720932
121,	12.983706039759978
122,	13.013981717798597
123,	13.04402166206275
124,	13.073829555328928
125,	13.10340899380645
126,	13.132763489912444
127,	13.16189647494136
128,	13.190811301631676
129,	13.219511246632063
130,	13.247999512869832
131,	13.276279231824558
132,	13.304353465709916
133,	13.33222520956697
134,	13.359897393272227
135,	13.38737288346396
136,	13.414654485390276
137,	13.441744944682446
138,	13.46864694905709
139,	13.49536312995073
140,	13.521896064090138
141,	13.548248275001903
142,	13.57442223446448
143,	13.600420363905924
144,	13.626245035750228
145,	13.651898574715327
146,	13.677383259065316
147,	13.702701321819536
148,	13.72785495192097
149,	13.75284629536606
150,	13.777677456298104
151,	13.802350498066199
152,	13.826867444251302
153,	13.851230279661277
154,	13.875440951296167
155,	13.899501369285172
156,	13.923413407796552
157,	13.947178905921474
158,	13.970799668532965
159,	13.994277467120721
160,	14.017614040602727
161,	14.040811096114439
162,	14.063870309776197
163,	14.08679332743946
164,	14.109581765412651
165,	14.132237211166894
166,	14.15476122402249
167,	14.177155335816249
168,	14.199421051550509
169,	14.22155985002403
170,	14.243573184445372
171,	14.265462483029053
172,	14.287229149575005
173,	14.308874564031651
174,	14.330400083043124
175,	14.351807040480864
176,	14.373096747960188
177,	14.394270495342056
178,	14.415329551220564
179,	14.436275163396456
180,	14.457108559337147
181,	14.477830946623572
182,	14.4984435133843
183,	14.518947428717285
184,	14.539343843099639
185,	14.559633888785783
186,	14.579818680194489
187,	14.599899314284903
188,	14.619876870922276
189,	14.639752413233428
190,	14.659526987952528
191,	14.679201625757418
192,	14.698777341596863
193,	14.718255135008967
194,	14.737635990431277
195,	14.756920877502557
196,	14.776110751356875
197,	14.795206552909983
198,	14.814209209138534
199,	14.833119633352121
200,	14.851938725458673
201,	14.870667372223197
202,	14.889306447520264
203,	14.907856812580402
204,	14.926319316230584
205,	14.944694795129056
206,	14.962984073994615
207,	14.981187965830681
208,	14.999307272144119
209,	15.017342783159089
210,	15.035295278026162
211,	15.05316552502666
212,	15.070954281772472
213,	15.088662295401484
214,	15.106290302768723
215,	15.123839030633286
216,	15.141309195841279
217,	15.158701505504727
218,	15.176016657176728
219,	15.19325533902281
220,	15.210418229988568
221,	15.227505999963853
222,	15.244519309943442
223,	15.261458812184173
224,	15.278325150358974
225,	15.295118959707477
226,	15.31184086718351
227,	15.328491491599499
228,	15.345071443767791
229,	15.361581326639053
230,	15.378021735437716
231,	15.394393257794608
232,	15.410696473876781
233,	15.426931956514622
234,	15.443100271326323
235,	15.459201976839669
236,	15.475237624611385
237,	15.491207759343864
238,	15.507112918999555
239,	15.522953634912893
240,	15.53873043189996
241,	15.55444382836573
242,	15.57009433640931
243,	15.58568246192671
244,	15.601208704711738
245,	15.61667355855463
246,	15.632077511338753
247,	15.64742104513526
248,	15.66270463629579
249,	15.677928755543373
250,	15.693093868061322
251,	15.708200433580465
252,	15.72324890646449
253,	15.738239735793702
254,	15.753173365446955
255,	15.768050234182041
256,	15.782870775714468
257,	15.797635418794616
258,	15.81234458728348
259,	15.826998700226804
260,	15.841598171927895
261,	15.85614341201891
262,	15.870634825530852
263,	15.885072812962155
264,	15.89945777034608
265,	15.913790089316658
266,	15.928070157173535
267,	15.942298356945573
268,	15.956475067453187
269,	15.970600663369696
270,	15.984675515281312
271,	15.998699989746257
272,	16.01267444935269
273,	16.026599252775576
274,	16.040474754832655
275,	16.054301306539216
276,	16.068079255162083
277,	16.081808944272563
278,	16.095490713798505
279,	16.109124900075358
280,	16.122711835896467
281,	16.136251850562438
282,	16.14974526992969
283,	16.16319241645806
284,	16.17659360925778
285,	16.189949164135562
286,	16.203259393639872
287,	16.216524607105523
288,	16.229745110697483
289,	16.24292120745392
290,	16.256053197328658
291,	16.269141377232728
292,	16.282186041075512
293,	16.295187479804895
294,	16.308145981447034
295,	16.321061831145297
296,	16.333935311198697
297,	16.346766701099586
298,	16.359556277570857
299,	16.372304314602452
300,	16.385011083487324
301,	16.39767685285683
302,	16.410301888715523
303,	16.422886454475446
304,	16.435430810989793
305,	16.447935216586146
306,	16.460399927099076
307,	16.472825195902274
308,	16.485211273940212
309,	16.497558409759222
310,	16.509866849538167
311,	16.52213683711854
312,	16.53436861403422
313,	16.54656241954056
314,	16.558718490643276
315,	16.57083706212664
316,	16.5829183665814
317,	16.59496263443215
318,	16.606970093964417
319,	16.61894097135116
320,	16.63087549067893
321,	16.642773873973702
322,	16.65463634122617
323,	16.66646311041674
324,	16.678254397540112
325,	16.690010416629526
326,	16.701731379780522
327,	16.71341749717446
328,	16.725068977101596
329,	16.73668602598393
330,	16.74826884839749
331,	16.75981764709449
332,	16.771332623025067
333,	16.782813975358646
334,	16.794261901505084
335,	16.805676597135346
336,	16.817058256202085
337,	16.828407070959713
338,	16.839723231984273
339,	16.851006928193044
340,	16.862258346863683
341,	16.873477673653383
342,	16.884665092617393
343,	16.895820786227638
344,	16.906944935390715
345,	16.918037719465868
346,	16.929099316282624
347,	16.940129902158137
348,	16.951129651914368
349,	16.962098738894902
350,	16.973037334981676
351,	16.98394561061126
352,	16.994823734791165
353,	17.005671875115684
354,	17.016490197781643
355,	17.027278867603894
356,	17.038038048030618
357,	17.0487679011583
358,	17.059468587746736
359,	17.070140267233512
360,	17.0807830977486
361,	17.091397236128454
362,	17.101982837930223
363,	17.112540057445525
364,	17.123069047714083
365,	17.1335699605373
366,	17.144042946491524
367,	17.154488154941177
368,	17.164905734051654
369,	17.175295830802252
370,	17.185658590998564
371,	17.195994159285117
372,	17.20630267915752
373,	17.216584292974673
374,	17.226839141970622
375,	17.23706736626642
376,	17.24726910488183
377,	17.25744449574668
378,	17.267593675712327
379,	17.277716780562834
380,	17.287813945025988
381,	17.297885302784238
382,	17.30793098648548
383,	17.31795112775369
384,	17.327945857199463
385,	17.33791530443028
386,	17.347859598060868
387,	17.357778865723215
388,	17.36767323407667
389,	17.377542828817663
390,	17.387387774689532
391,	17.39720819549215
392,	17.407004214091334
393,	17.416775952428317
394,	17.426523531528943
395,	17.43624707151287
396,	17.44594669160255
397,	17.45562251013221
398,	17.465274644556615
399,	17.47490321145981
400,	17.484508326563727
401,	17.494090104736646
402,	17.503648660001613
403,	17.513184105544756
404,	17.522696553723417
405,	17.5321861160743
406,	17.541652903321438
407,	17.55109702538413
408,	17.56051859138465
409,	17.56991770965608
410,	17.579294487749863
411,	17.58864903244335
412,	17.597981449747188
413,	17.607291844912766
414,	17.616580322439397
415,	17.625846986081516
416,	17.63509193885581
417,	17.64431528304814
418,	17.65351712022059
419,	17.662697551218162
420,	17.671856676175704
421,	17.680994594524414
422,	17.690111404998614
423,	17.699207205642185
424,	17.708282093815008
425,	17.71733616619941
426,	17.726369518806415
427,	17.735382246981963
428,	17.74437444541313
429,	17.753346208134136
430,	17.762297628532437
431,	17.7712287993546
432,	17.780139812712246
433,	17.789030760087773
434,	17.797901732340236
435,	17.80675281971088
436,	17.815584111828827
437,	17.82439569771664
438,	17.833187665795748
439,	17.84196010389191
440,	17.850713099240632
441,	17.85944673849228
442,	17.868161107717558
443,	17.87685629241254
444,	17.885532377503818
445,	17.894189447353583
446,	17.902827585764644
447,	17.911446875985384
448,	17.920047400714598
449,	17.928629242106442
450,	17.93719248177506
451,	17.945737200799545
452,	17.954263479728404
453,	17.96277139858433
454,	17.97126103686871
455,	17.979732473566198
456,	17.988185787149156
457,	17.99662105558215
458,	18.005038356326267
459,	18.01343776634344
460,	18.02181936210084
461,	18.030183219574997
462,	18.038529414256065
463,	18.046858021151966
464,	18.05516911479244
465,	18.063462769233197
466,	18.071739058059883
467,	18.079998054392043
468,	18.088239830887083
469,	18.096464459744134
470,	18.10467201270795
471,	18.112862561072653
472,	18.12103617568554
473,	18.12919292695082
474,	18.137332884833253
475,	18.1454561188619
476,	18.1535626981336
477,	18.161652691316675
478,	18.16972616665437
479,	18.17778319196842
480,	18.18582383466249
481,	18.193848161725587
482,	18.201856239735495
483,	18.2098481348621
484,	18.217823912870717
485,	18.225783639125396
486,	18.233727378592192
487,	18.241655195842373
488,	18.249567155055566
489,	18.25746332002299
490,	18.26534375415056
491,	18.27320852046196
492,	18.28105768160175
493,	18.288891299838333
494,	18.296709437067044
495,	18.304512154813064
496,	18.312299514234358
497,	18.32007157612464
498,	18.327828400916232
499,	18.33557004868289
500,	18.343296579142752
